x1 = -4.193950
x2 = 4.997580
x3 = -2.084680
x4 = 4.501610
x5 = -5.930650
