x1 = -2.228520
x2 = 9.539060
x3 = -3.906250
x4 = 8.687500
x5 = -10.826170
