x1 = -4.193952
x2 = 4.997581
x3 = -2.084677
x4 = 4.501613
x5 = -5.930645
